0 0.309635 0.186542 0.076150 0.042817
0 0.377065 0.233183 0.179810 0.068800
0 0.653670 0.110092 0.294500 0.076450
0 0.363715 0.088683 0.246890 0.094800
0 0.363715 0.150608 0.248710 0.062683
0 0.344495 0.384558 0.147710 0.050450
0 0.456420 0.441133 0.344040 0.084100
0 0.308715 0.582567 0.087150 0.042800
0 0.289910 0.637608 0.027520 0.051983
0 0.456880 0.593267 0.170640 0.048933
0 0.437615 0.646783 0.117430 0.061167
0 0.356425 0.716367 0.189910 0.047400
0 0.389450 0.771408 0.215600 0.068817
0 0.587155 0.724008 0.137610 0.044350
0 0.595870 0.782108 0.138540 0.050450
0 0.339910 0.841742 0.149540 0.041283
0 0.344955 0.892200 0.139450 0.059633
0 0.595415 0.850917 0.159630 0.047400
0 0.599085 0.902142 0.139450 0.058117
0 0.837615 0.954892 0.209170 0.050450
