0 0.359006 0.094050 0.242174 0.068800
0 0.643913 0.106275 0.295342 0.056550
0 0.317205 0.216375 0.073106 0.038250
0 0.349441 0.256875 0.135901 0.048950
0 0.350450 0.405975 0.149099 0.038250
0 0.393137 0.457200 0.206211 0.064200
0 0.456289 0.606250 0.163447 0.047400
0 0.320000 0.603975 0.086522 0.039750
0 0.305823 0.658275 0.031335 0.044350
0 0.437826 0.661325 0.103540 0.056550
0 0.367034 0.733175 0.176739 0.041250
0 0.387019 0.785925 0.199441 0.055050
0 0.578866 0.731650 0.142453 0.041300
0 0.589720 0.785175 0.149193 0.053550
0 0.586398 0.847100 0.148261 0.036700
0 0.343276 0.847100 0.138727 0.033600
0 0.353245 0.892975 0.134006 0.048950
0 0.587873 0.897550 0.128230 0.052000
0 0.813913 0.941900 0.198509 0.039800
0 0.359953 0.159775 0.244068 0.038250
0 0.142469 0.821100 0.145311 0.073400
0 0.071227 0.607050 0.057919 0.247700
