0 0.228367 0.120833 0.290040 0.073438
0 0.563911 0.106302 0.352903 0.056562
0 0.234254 0.183516 0.294637 0.024427
0 0.159657 0.224062 0.083911 0.038229
0 0.249032 0.263021 0.234516 0.061146
0 0.211169 0.412109 0.175081 0.035156
0 0.283891 0.451094 0.282944 0.070312
0 0.178065 0.601719 0.101774 0.041250
0 0.163750 0.656771 0.045000 0.053542
0 0.346109 0.601719 0.203508 0.041250
0 0.322984 0.655234 0.136290 0.059635
0 0.233629 0.725573 0.215565 0.032083
0 0.261996 0.778333 0.243831 0.051979
0 0.211452 0.843464 0.170484 0.036719
0 0.222944 0.892240 0.165726 0.053542
0 0.507097 0.840234 0.184758 0.035156
0 0.505847 0.889922 0.172823 0.055052
0 0.498226 0.717917 0.178871 0.032083
0 0.508891 0.779089 0.162298 0.047448
0 0.793649 0.929688 0.248589 0.048958
0 0.032742 0.831823 0.065484 0.076458
