0 0.363687 0.096389 0.251425 0.082540
0 0.368012 0.159087 0.258175 0.039762
0 0.274575 0.231706 0.065500 0.041270
0 0.387762 0.281409 0.209025 0.055040
0 0.327563 0.429722 0.146425 0.042778
0 0.381025 0.484762 0.180150 0.058095
0 0.659900 0.100972 0.306350 0.055040
0 0.296263 0.622401 0.078025 0.042817
0 0.295288 0.672083 0.045275 0.047421
0 0.457613 0.626210 0.171475 0.044325
0 0.451338 0.682004 0.143525 0.055040
0 0.356938 0.750060 0.176275 0.044325
0 0.390175 0.807401 0.188800 0.061151
0 0.585250 0.753115 0.137750 0.047421
0 0.594400 0.807401 0.165700 0.048929
0 0.347313 0.881548 0.149325 0.041270
0 0.368500 0.930417 0.149300 0.050595
0 0.599213 0.881567 0.165675 0.044325
0 0.608375 0.932718 0.162800 0.055198
0 0.832337 0.959544 0.225425 0.044325
0 0.103112 0.823452 0.113675 0.050476
0 0.064588 0.558175 0.052025 0.304286
