0 0.368881 0.117785 0.253088 0.081038
0 0.365851 0.176671 0.245025 0.027519
0 0.287713 0.233241 0.060501 0.045873
0 0.392062 0.286759 0.271235 0.045873
0 0.661285 0.126975 0.303506 0.065747
0 0.314933 0.434304 0.120985 0.044354
0 0.332579 0.481709 0.136110 0.050456
0 0.289725 0.626203 0.066561 0.045873
0 0.285693 0.669785 0.046377 0.050456
0 0.455083 0.628506 0.185526 0.053519
0 0.434917 0.671316 0.098815 0.047392
0 0.347705 0.736228 0.188564 0.046025
0 0.360818 0.786000 0.192588 0.053519
0 0.312412 0.851747 0.117980 0.038228
0 0.334090 0.893785 0.129048 0.048937
0 0.577596 0.743937 0.122003 0.042810
0 0.596252 0.797456 0.135109 0.058101
0 0.581628 0.860152 0.140150 0.045873
0 0.596753 0.909076 0.134107 0.055063
0 0.823122 0.951899 0.221836 0.055038
0 0.144023 0.826506 0.138130 0.055038
