0 0.401939 0.109418 0.246258 0.091790
0 0.403363 0.169789 0.239639 0.059636
0 0.671425 0.140735 0.279423 0.071863
0 0.347006 0.211077 0.073886 0.041281
0 0.446465 0.268421 0.257638 0.088690
0 0.377317 0.418261 0.145870 0.051980
0 0.454986 0.464134 0.286060 0.067278
0 0.341326 0.609396 0.087142 0.045866
0 0.325694 0.661383 0.035050 0.058108
0 0.482457 0.620866 0.159125 0.050466
0 0.460672 0.669025 0.111767 0.061164
0 0.385365 0.732482 0.190388 0.053523
0 0.409995 0.784476 0.213120 0.062693
0 0.598016 0.744716 0.128819 0.044338
0 0.607962 0.795939 0.129775 0.058108
0 0.362160 0.851747 0.145870 0.047394
0 0.370212 0.900677 0.125978 0.062693
0 0.602281 0.861689 0.146817 0.042824
0 0.599910 0.909090 0.134500 0.051980
0 0.820135 0.957256 0.184707 0.044352
0 0.168458 0.834927 0.144923 0.065750
