0 0.366734 0.111694 0.232219 0.070337
0 0.651043 0.110169 0.275227 0.048937
0 0.368168 0.175156 0.229352 0.032112
0 0.333285 0.217200 0.064023 0.036700
0 0.485715 0.263069 0.349773 0.061162
0 0.363867 0.413681 0.134750 0.041287
0 0.475633 0.459481 0.335531 0.053363
0 0.337105 0.608644 0.073586 0.042813
0 0.322293 0.662919 0.038227 0.062687
0 0.464211 0.611694 0.153859 0.042813
0 0.446961 0.662156 0.104266 0.058113
0 0.377723 0.730200 0.168195 0.047400
0 0.402523 0.785169 0.198875 0.050313
0 0.360520 0.847937 0.137617 0.038225
0 0.366207 0.896787 0.133883 0.050300
0 0.156441 0.847100 0.125289 0.057950
0 0.582234 0.734788 0.129969 0.041275
0 0.592223 0.788306 0.127195 0.059638
0 0.587488 0.850994 0.144305 0.041287
0 0.589832 0.900687 0.137711 0.064225
0 0.812551 0.949619 0.196867 0.048937
