0 0.323403 0.136094 0.275225 0.061172
0 0.654248 0.119277 0.326836 0.033633
0 0.325122 0.193438 0.260322 0.025990
0 0.280396 0.227839 0.095186 0.039766
0 0.334238 0.271419 0.164102 0.053516
0 0.320532 0.406738 0.168584 0.036706
0 0.365776 0.450313 0.217998 0.062682
0 0.290718 0.594043 0.099775 0.041289
0 0.272368 0.646029 0.047021 0.053516
0 0.442090 0.593281 0.177754 0.042812
0 0.418013 0.643743 0.118115 0.039753
0 0.099204 0.821107 0.147939 0.058099
0 0.341748 0.711022 0.201836 0.039753
0 0.369785 0.759186 0.232910 0.056576
0 0.321108 0.818815 0.160557 0.041276
0 0.329131 0.863926 0.149082 0.045872
0 0.579136 0.711016 0.153662 0.030573
0 0.593984 0.759180 0.151484 0.053516
0 0.588882 0.817292 0.166279 0.038229
0 0.593984 0.861628 0.156074 0.047396
0 0.851499 0.909030 0.219033 0.032122
