0 0.338306 0.114737 0.259528 0.067281
0 0.633181 0.110154 0.316667 0.067281
0 0.335396 0.173618 0.247903 0.035175
0 0.284069 0.218717 0.075528 0.039759
0 0.376549 0.269178 0.235319 0.067259
0 0.331035 0.422851 0.173347 0.044342
0 0.360576 0.472544 0.205292 0.064211
0 0.283590 0.627741 0.088125 0.041272
0 0.263736 0.678969 0.023250 0.055044
0 0.431757 0.626217 0.171403 0.050461
0 0.408944 0.683553 0.110500 0.064211
0 0.332007 0.758476 0.188847 0.042829
0 0.360576 0.807401 0.224681 0.061162
0 0.560063 0.755417 0.143319 0.042807
0 0.570667 0.814287 0.145361 0.053531
0 0.562486 0.880033 0.159778 0.050461
0 0.313125 0.874682 0.149139 0.042829
0 0.320826 0.929726 0.139542 0.058092
0 0.568299 0.929737 0.150097 0.055044
0 0.809431 0.981689 0.206278 0.036623
