0 0.368462 0.123045 0.237510 0.077970
0 0.370923 0.184970 0.242432 0.033636
0 0.289126 0.216318 0.061104 0.044333
0 0.389648 0.265242 0.232578 0.056576
0 0.327070 0.415856 0.103477 0.055045
0 0.420200 0.456379 0.268057 0.050455
0 0.295039 0.602409 0.068984 0.036697
0 0.294053 0.649045 0.037441 0.050455
0 0.161499 0.814947 0.117275 0.058106
0 0.330024 0.829462 0.113330 0.038227
0 0.348208 0.876871 0.134131 0.062682
0 0.584287 0.834818 0.133047 0.048939
0 0.595625 0.881455 0.120234 0.059636
0 0.814902 0.920447 0.225684 0.048924
0 0.657217 0.123811 0.298613 0.042803
0 0.459131 0.606227 0.158672 0.044333
0 0.503921 0.655917 0.222822 0.048924
0 0.576895 0.717848 0.116289 0.041273
0 0.590151 0.766773 0.121318 0.053515
0 0.354121 0.719371 0.175527 0.038227
0 0.370923 0.763720 0.183311 0.053530
0 0.079209 0.615402 0.061094 0.259924
