0 0.361300 0.105450 0.258167 0.076455
0 0.356483 0.166614 0.260100 0.033651
0 0.307350 0.229299 0.059733 0.036693
0 0.367075 0.285873 0.177250 0.064233
0 0.337700 0.418902 0.141600 0.036693
0 0.409458 0.466296 0.254317 0.045873
0 0.305900 0.611561 0.076100 0.030582
0 0.299642 0.663545 0.042383 0.042804
0 0.432583 0.613082 0.144500 0.036693
0 0.431133 0.664312 0.122333 0.050476
0 0.352625 0.716310 0.159917 0.038228
0 0.388267 0.762937 0.221567 0.052011
0 0.336733 0.819524 0.130033 0.030582
0 0.353542 0.862328 0.150383 0.052011
0 0.571783 0.811865 0.131967 0.033624
0 0.592442 0.856217 0.152283 0.058095
0 0.573225 0.715542 0.134850 0.033624
0 0.591475 0.753770 0.144583 0.051984
0 0.824650 0.948717 0.200367 0.041296
0 0.656067 0.101614 0.308267 0.062698
0 0.052558 0.629907 0.054917 0.276746
