0 0.341740 0.070333 0.265140 0.091733
0 0.650915 0.079517 0.301830 0.036700
0 0.393580 0.259175 0.234860 0.068817
0 0.296330 0.201067 0.082560 0.050467
0 0.344035 0.152142 0.247710 0.025983
0 0.342200 0.426608 0.150460 0.030583
0 0.354540 0.478592 0.138620 0.067283
0 0.119270 0.910550 0.143120 0.050467
0 0.349995 0.912083 0.153210 0.026000
0 0.354125 0.961008 0.144950 0.071850
0 0.600000 0.899083 0.163300 0.039767
0 0.600920 0.946483 0.135780 0.055033
0 0.841740 0.982417 0.215600 0.035167
0 0.457800 0.638383 0.170640 0.047400
0 0.440825 0.701833 0.114670 0.067267
0 0.315135 0.642200 0.090830 0.048933
0 0.292200 0.704892 0.030280 0.061150
0 0.364220 0.779817 0.183480 0.045867
0 0.391285 0.837917 0.222930 0.073400
0 0.594955 0.775992 0.145870 0.041283
0 0.605000 0.830275 0.138620 0.067283
0 0.027985 0.666658 0.054130 0.279817
