0 0.344438 0.130684 0.265151 0.081040
0 0.658370 0.132984 0.316795 0.051989
0 0.349027 0.188796 0.258274 0.032117
0 0.291062 0.217847 0.082644 0.032117
0 0.370267 0.258385 0.204315 0.048887
0 0.326068 0.393695 0.152658 0.038230
0 0.360500 0.439562 0.191685 0.062701
0 0.292212 0.572591 0.084945 0.044343
0 0.278432 0.621515 0.039027 0.044343
0 0.440274 0.579471 0.176767 0.039745
0 0.419048 0.628403 0.113630 0.051989
0 0.342712 0.691852 0.199726 0.038230
0 0.372555 0.736962 0.222671 0.055055
0 0.322630 0.795830 0.154959 0.035164
0 0.327212 0.840173 0.148068 0.053522
0 0.575726 0.700265 0.146932 0.036697
0 0.587774 0.744608 0.148068 0.042828
0 0.584329 0.802710 0.164137 0.039763
0 0.589500 0.847053 0.151521 0.055055
0 0.834562 0.895219 0.223836 0.041277
0 0.028781 0.580995 0.047068 0.230894
