0 0.353304 0.112331 0.250071 0.071854
0 0.648551 0.120730 0.307774 0.064270
0 0.355230 0.183427 0.248127 0.030562
0 0.309064 0.231601 0.069223 0.044326
0 0.393216 0.280506 0.216396 0.053483
0 0.341272 0.427303 0.152933 0.053483
0 0.387456 0.487697 0.208693 0.073371
0 0.310018 0.631433 0.092332 0.048933
0 0.316749 0.682669 0.036537 0.056573
0 0.452367 0.637556 0.169258 0.048933
0 0.430707 0.691826 0.110601 0.062640
0 0.357155 0.762163 0.182721 0.059607
0 0.382138 0.818764 0.200035 0.062697
0 0.336943 0.879916 0.138481 0.041292
0 0.343675 0.930337 0.140424 0.050449
0 0.575459 0.767528 0.138481 0.058090
0 0.585565 0.824101 0.122155 0.058090
0 0.584611 0.884466 0.150989 0.041292
0 0.587968 0.931124 0.134664 0.061124
0 0.820212 0.976994 0.206784 0.042865
