0 0.364427 0.148323 0.245048 0.085771
0 0.362677 0.212542 0.239161 0.042667
0 0.644395 0.157573 0.295952 0.051979
0 0.327734 0.300458 0.102984 0.053375
0 0.443145 0.372396 0.269903 0.065750
0 0.395798 0.459552 0.224919 0.059646
0 0.410589 0.539823 0.209532 0.073396
0 0.305831 0.619344 0.106532 0.036687
0 0.302871 0.674229 0.031968 0.055042
0 0.480435 0.625458 0.207161 0.036708
0 0.485766 0.681969 0.172823 0.073521
0 0.379815 0.739219 0.209532 0.044354
0 0.380411 0.790448 0.236758 0.051979
0 0.359694 0.844885 0.169290 0.038229
0 0.368573 0.891521 0.153887 0.055042
0 0.604137 0.738604 0.158629 0.039750
0 0.623677 0.788990 0.155065 0.046021
0 0.608871 0.849385 0.179935 0.044479
0 0.614790 0.892198 0.156258 0.047563
0 0.807750 0.932792 0.201242 0.039750
0 0.070847 0.722396 0.053274 0.428125
