0 0.341547 0.108513 0.252555 0.068795
0 0.343503 0.171205 0.246707 0.032113
0 0.632131 0.107746 0.309112 0.055055
0 0.286457 0.217840 0.066307 0.042817
0 0.388353 0.263717 0.244750 0.058106
0 0.326926 0.421205 0.147246 0.039750
0 0.374706 0.468607 0.211607 0.070329
0 0.297186 0.618451 0.079960 0.039750
0 0.284017 0.673498 0.036078 0.055039
0 0.439551 0.619218 0.177465 0.053521
0 0.423947 0.675790 0.111168 0.062692
0 0.342036 0.743067 0.185269 0.050454
0 0.373733 0.792762 0.211597 0.058106
0 0.568263 0.743834 0.146267 0.042817
0 0.578453 0.792762 0.139541 0.048936
0 0.329366 0.864624 0.136517 0.036698
0 0.340529 0.915094 0.137585 0.058106
0 0.575579 0.863106 0.158942 0.036698
0 0.577969 0.910501 0.136617 0.051987
0 0.133363 0.851620 0.138463 0.056604
0 0.808633 0.950258 0.211597 0.048936
0 0.037315 0.612332 0.055589 0.270642
