0 0.339336 0.059642 0.266800 0.076445
0 0.337928 0.131510 0.263984 0.036693
0 0.279676 0.200319 0.061064 0.039753
0 0.357184 0.246185 0.236736 0.058099
0 0.648884 0.053529 0.327864 0.055052
0 0.322424 0.398327 0.157824 0.038216
0 0.361884 0.454141 0.232984 0.064219
0 0.291424 0.639154 0.077040 0.048932
0 0.418248 0.633802 0.144672 0.050469
0 0.287196 0.692669 0.040392 0.045859
0 0.515948 0.692669 0.311896 0.055052
0 0.336044 0.743125 0.160648 0.048932
0 0.367520 0.795117 0.240496 0.042812
0 0.260420 0.842520 0.033816 0.045872
0 0.555876 0.746185 0.126824 0.042812
0 0.581244 0.815762 0.164408 0.056576
0 0.323836 0.896035 0.130584 0.036706
0 0.334636 0.950319 0.176616 0.056576
0 0.560576 0.889922 0.138096 0.048932
0 0.581244 0.951081 0.164408 0.055052
0 0.119972 0.970189 0.124952 0.056576
0 0.032136 0.538997 0.039456 0.444948
