0 0.408480 0.268577 0.250426 0.085664
0 0.299666 0.203496 0.057003 0.051057
0 0.377386 0.134295 0.234886 0.064255
0 0.372209 0.060163 0.240071 0.087317
0 0.655021 0.068401 0.291009 0.074146
0 0.325142 0.444864 0.104489 0.056016
0 0.386889 0.507466 0.217614 0.082358
0 0.303558 0.668103 0.068224 0.044499
0 0.294922 0.724119 0.025043 0.051057
0 0.457266 0.680461 0.161491 0.059295
0 0.437408 0.730718 0.094134 0.064255
0 0.355362 0.813089 0.183935 0.057669
0 0.368757 0.869106 0.179616 0.077453
0 0.326009 0.944892 0.111392 0.047778
0 0.573849 0.817209 0.113125 0.051057
0 0.586328 0.875705 0.122713 0.056016
0 0.582053 0.955596 0.132997 0.067561
0 0.162365 0.920176 0.139901 0.082358
0 0.083778 0.541233 0.037983 0.474499
