0 0.420774 0.097794 0.225791 0.081000
0 0.668451 0.111559 0.262559 0.062647
0 0.420337 0.168882 0.216162 0.048941
0 0.374815 0.212471 0.069158 0.041294
0 0.445707 0.253000 0.198687 0.048941
0 0.406313 0.390618 0.130404 0.064176
0 0.448333 0.444882 0.195185 0.062706
0 0.380067 0.592441 0.072660 0.055000
0 0.367374 0.645971 0.033266 0.067235
0 0.510926 0.595529 0.147037 0.039765
0 0.483350 0.647471 0.091886 0.052000
0 0.226044 0.818765 0.119899 0.064235
0 0.416380 0.710941 0.161044 0.050471
0 0.441768 0.766765 0.182054 0.058118
0 0.401061 0.824118 0.135657 0.044353
0 0.412441 0.873794 0.118148 0.055000
0 0.612441 0.711706 0.126027 0.048941
0 0.617256 0.765235 0.123401 0.058118
0 0.616818 0.825647 0.134781 0.047412
0 0.616380 0.876853 0.121650 0.051941
0 0.815488 0.916588 0.176768 0.045882
