0 0.382657 0.204904 0.212873 0.068804
0 0.623184 0.216370 0.259837 0.045873
0 0.385788 0.258421 0.208702 0.035167
0 0.337265 0.290526 0.059478 0.029043
0 0.401963 0.327990 0.165918 0.048923
0 0.365437 0.441136 0.122090 0.036699
0 0.410833 0.481657 0.196180 0.047404
0 0.339873 0.598630 0.087649 0.051998
0 0.325265 0.639916 0.025045 0.042823
0 0.456747 0.598630 0.137739 0.039749
0 0.439527 0.641447 0.086612 0.055048
0 0.378482 0.694199 0.156522 0.038230
0 0.400396 0.737775 0.181576 0.051986
0 0.565788 0.705664 0.122090 0.030586
0 0.568347 0.740837 0.112808 0.033636
0 0.568400 0.794348 0.123135 0.039749
0 0.571531 0.831812 0.125216 0.050467
0 0.364914 0.782883 0.133567 0.038230
0 0.372743 0.831812 0.122090 0.050467
0 0.132216 0.531352 0.037559 0.314976
0 0.190653 0.777530 0.118955 0.048935
0 0.767706 0.869270 0.183657 0.051986
